-- database: c:\Users\Thinkpad\Documents\Nova pasta\revisaoSauter\React_Revisao\ReactRevisaoSauter\db.sqlite3

-- Use the ▷ button in the top right corner to run the entire file.

INSERT INTO "Usuarios_revisao" ("UserNumero", "UserOperador", "UserRevisao", "UserProduto", "UserMaquina", "UserMetros", "UserPeso", "UserLotes", "UserCliente", "UserNumDefeitos", "UserRefugo", "UserUrdideira", "UserData_cadastro", "is_active") 
VALUES 
(9900001,"Willian",1,4830200,15,400,270.4,0,"Estoque",0,0,1100005,"21-07-2023", 1),
(9900002,"Fabricio",1,407032,3,7200,936,0,"Estoque",20,0,0,"21-07-2023", 1),
(9900003,"Willian",1,725050,14,600,201.6,0,"Estoque",18,0,1100002,"21-07-2023", 1),
(9900006,"Willian",3,12110022,1,3600,864,0,"Estoque",71,12.8,1100006,"21-07-2023", 1),
(9900004,"Fabricio",3,1215200,5,400,103.4,0,"Estoque",42,0,1100024,"21-07-2023", 1),
(9900004,"Fabricio",3,1215200,5,35,0,0,"Estoque",42,0000,1100024,"21-07-2023", 1),
(9900004,"Fabricio",3,1215200,5,35,0,0,"Estoque",42,0000,1100024,"21-07-2023", 1),
(9900008,"Fabricio",1,10810022,9,800,166.4,0,"Estoque",26,4,1100008,"21-07-2023", 1),
(9900005,"Fabricio",1,4830200,15,200,171.2,0,"Estoque",21,7,1100005,"21-07-2023", 1),
(9900007,"Fabricio",2,407032,3,900,117,0,"Estoque",17,0,1100007,"21-07-2023", 1),
(9900013,"Fabricio",2,725050,14,50,474,0,"Estoque",21,1,1100002,"21-07-2023", 1),
(9900013,"Fabricio",2,725050,14,29,0,0,"Estoque",0,0000,1100002,"21-07-2023", 1),
(9900014,"Willian",3,304100,4,165,162,0,47134,32,0,1100020,"21-07-2023", 1),
(9900014,"Willian",3,304100,4,100,0,0,47134,0,0000,1100020,"21-07-2023", 1),
(9900015,"Willian",3,1625200,6,360,147.6,0,"Tinturaria",3,0,1100025,"21-07-2023", 1),
(9900025,"Willian",3,1625200,6,600,158.4,0,"Tinturaria",1,0,1100025,"21-07-2023", 1),
(9900009,"Fabricio",2,725050,14,600,201.6,0,"Estoque",11,0,1100002,"21-07-2023", 1),
(9900011,"Fabricio",1,10810022,9,800,166.4,0,"Estoque",16,0,1100008,"21-07-2023", 1),
(9900012,"Fabricio",3,407032,3,900,117,0,"Estoque",13,0,1100007,"21-07-2023", 1),
(9900010,"Fabricio",1,407032,3,900,117,0,"Estoque",10,0,1100007,"21-07-2023", 1),
(9900017,"Fabricio",1,725050,14,530,176.4,0,"Estoque",23,0,1100002,"21-07-2023", 1),
(9900017,"Fabricio",1,725050,14,0,36.4,0,"Estoque",23,0,1100002,"21-07-2023", 1),
(9900016,"Fabricio",2,725050,14,579,184.8,0,"Estoque",11,0,1100002,"21-07-2023", 1),
(9900016,"Fabricio",2,725050,14,21,0,0,"Estoque",11,0,1100002,"21-07-2023", 1),
(9900029,"Fabricio",2,10810022,9,800,166.4,0,"Estoque",15,0,1100008,"21-07-2023", 1),
(9900028,"Fabricio",1,10810022,9,800,166.4,0,"Estoque",25,0,1100008,"21-07-2023", 1),
(9900022,"Fabricio",2,10880100,12,200,192,0,"Estoque",4,0,1100034,"24-07-2023", 1),
(9900027,"Fabricio",1,407032,3,900,117,0,"Estoque",15,13.4,1100033,"24-07-2023", 1),
(9900023,"Fabricio",1,10880100,12,200,176,0,"Estoque",1,0,1100034,"25-07-2023", 1),
(9900023,"Fabricio",2,10880100,12,100,96,0,"Estoque",0,0,1100034,"25-07-2023", 1),
(9900026,"Fabricio",2,10880100,12,100,97.2,0,"Estoque",0,0,1100034,"25-07-2023", 1),
(9900032,"Fabricio",2,10810022,9,800,166.4,0,"Estoque",16,0,1100008,"25-07-2023", 1),
(9900033,"Fabricio",2,10810022,9,800,166.9,0,"Estoque",20,0,1100008,"25-07-2023", 1),
(9900034,"Fabricio",1,10810022,9,800,166.4,0,"Estoque",0,0,1100008,"25-07-2023", 1),
(9900018,"Willian",3,30100400,4,330,126,0,47134,18,0,1100013,"25-07-2023", 1),
(9900030,"Willian",3,30100400,4,330,126,0,47134,11,0,1100013,"25-07-2023", 1),
(9900020,"Willian",3,3025100,4,1160,113.6,0,46780,9,0,1100020,"25-07-2023", 1),
(9900021,"Willian",3,3025100,10,980,98.4,0,46780,12,0,1100020,"25-07-2023", 1),
(9900035,"Fabricio",2,407032,3,900,117,0,"Estoque",2,0,1100033,"25-07-2023", 1),
(9900031,"Fabricio",1,407032,3,900,117,0,"Estoque",2,0,1100033,"25-07-2023", 1),
(9900019,"Fabricio",2,10880100,12,200,192,0,"Estoque",4,0,1100034,"25-07-2023", 1),
(9900038,"Fabricio",2,407032,3,900,117,0,"Estoque",11,0,1100033,"26-07-2023", 1),
(9900046,"Fabricio",1,407032,3,900,117,0,"Estoque",12,0,1100033,"27-07-2023", 1),
(9900045,"Fabricio",1,407032,3,900,117,0,"Estoque",1,0,1100033,"26-07-2023", 1),
(9900044,"Fabricio",1,10810022,9,800,166.4,0,"Estoque",10,0,1100035,"26-07-2023", 1),
(9900044,"Fabricio",1,10810022,9,800,166.4,0,"Estoque",15,0,1100035,"26-07-2023", 1),
(9900037,"Fabricio",2,4830200,15,200,171.2,0,"Estoque",92,0,1100005,"26-07-2023", 1),
(9900047,"Fabricio",2,10810022,8,800,166.4,0,"Estoque",7,0,1100006,"27-07-2023", 1),
(9900042,"Fabricio",0,12110022,1,1200,288,0,"Estoque",19,0,1100006,"26-07-2023", 1),
(9900043,"Willian",0,12110022,1,1200,283.2,0,"Estoque",25,0,1100006,"26-07-2023", 1),
(9900047,"Fabricio",0,10810022,8,800,166.4,0,"Estoque",7,0,1100006,"27-07-2023", 1),
(9900039,"Fabricio",3,3025100,10,1160,115.2,0,"Estoque",21,0,1100020,"26-07-2023", 1),
(9900041,"Fabricio",3,3025100,10,1160,115.2,0,"Estoque",7,0,1100020,"26-07-2023", 1),
(9900048,"Fabricio",3,1625200,6,280,75.2,0,"Estoque",23,0,1100025,"27-07-2023", 1),
(9900051,"Fabricio",3,2420100,11,490,121.4,0,"Estoque",25,0,1100036,"27-07-2023", 1),
(9900050,"Kaique",3,10850150,9,25,41.6,0,"Estoque",4,0,1100006,"27-07-2023", 1),
(9900049,"Willian",3,1215200,5,320,82.2,0,"Estoque",35,0,1100028,"27-07-2023", 1),
(9900049,"Willian",3,1215200,5,320,82.2,0,"Estoque",35,0,1100024,"27-07-2023", 1),
(9900099,"Fabricio",2,407032,3,900,115.2,82310,"Estoque",2,0,1100044,"01-08-2023", 1),
(9900083,"Fabricio",2,407032,3,900,117,822281,"Estoque",7,0,1100044,"01-08-2023", 1),
(9900082,"Fabricio",2,407032,3,900,115.2,82270,"Estoque",4,0,1100044,"01-08-2023", 1),
(9900086,"Fabricio",1,407032,3,900,115.2,82267,"Estoque",9,0,1100044,"01-08-2023", 1),
(9900093,"Fabricio",1,407032,3,900,108,82264,"Estoque",11,0,1100044,"01-08-2023", 1),
(9900069,"Willian",3,3025200,4,580,110,"822272-82273-82274-82275","Estoque",8,12,1100011,"31-07-2023", 1),
(9900085,"Willian",3,3025200,4,580,110.5,"82282-82283-82284-82285","Estoque",15,0,1100011,"31-07-2023", 1),
(9900091,"Fabricio",3,3025200,4,580,111.4,"82306-82307-82308-82309","Estoque",13,0,1100011,"02-08-2023", 1),
(9900090,"Fabricio",1,10810022,9,800,163.2,824403,"Estoque",6,0,1100046,"31-07-2023", 1),
(9900081,"Fabricio",1,10810022,9,800,172.8,82280,"Estoque",4,2.4,1100008,"31-07-2023", 1),
(9900089,"Fabricio",2,10810022,9,800,172.8,82290,"Estoque",16,0,1100046,"31-07-2023", 1),
(9900102,"Fabricio",3,12110022,1,3600,849.6,82312,47233,3,23,1100038,"02-08-2023", 1),
(9900100,"Willian",3,12110022,1,4200,940.8,82305,47233,5,2,1100038,"01-08-2023", 1),
(9900070,"Fabricio",2,10870100,12,200,198.8,"82276-82277-82278-82279","Estoque",4,2.8,1100034,"31-07-2023", 1),
(9900092,"Willian",3,12110022,1,4900,1176,82258,"Estoque",10,0,1100006,"28-07-2023", 1),
(9900097,"Willian",2,407032,3,900,115.2,82311,"Estoque",3,0,1100044,"01-08-2023", 1),
(9900088,"Fabricio",1,7250150,14,50,48.8,82303,"Estoque",0,0,1100047,"01-08-2023", 1),
(9900087,"Fabricio",1,725050,14,456,145.6,"82291-82292-82293-82294-82295-82286-82297-82298","Estoque",6,1,1100047,"01-08-2023", 1),
(9900015,"Fabricio",2,725050,14,200,200.2,"82313-82314-82315-82316","Estoque",4,5.6,1100047,"02-08-2023", 1),
(9900084,"Willian",1,725050,14,200,200.4,"82286-82287-82288-82289","Estoque",6,0,1100047,"31-07-2023", 1),
(9900096,"Fabricio",3,2420100,11,600,150.4,0,"Tinturaria",23,0,1100036,"26-07-2023", 1),
(9900103,"Willian",3,2420100,11,800,195.2,0,"Tinturaria",0,0,1100036,"02-08-2023", 1),
(9900095,"Fabricio",3,68200,8,990,49.8,0,"Tinturaria",53,0,1100030,"02-08-2023", 1),
(9900098,"Willian",3,1625200,6,900,158.6,0,"Tinturaria",0,0,1100015,"02-08-2023", 1),
(9900104,"Willian",3,1625200,6,1250,133,0,"Tinturaria",6,0,1100026,"02-08-2023", 1),
(9900101,"Willian",3,1625200,6,600,158.6,0,"Tinturaria",8,0,1100026,"02-08-2023", 1),
(9900094,"Willian",3,810400,5,200,64.4,0,"Tinturaria",15,0,1100028,"01-08-2023", 1),
(9900121,"Willian",3,3025100,10,1160,118.4,82370,47093,23,2,1100039,"04-08-2023", 1),
(9900112,"Fabricio",3,3025100,4,580,106.4,"82355-82356-82357-82358","Estoque",2,0,1100011,"04-08-2023", 1),
(9900113,"Willian",3,325100,10,1200,115.2,82361,47093,18,0,1100020,"03-08-2023", 1),
(9900116,"Fabricio",1,407032,3,900,115.2,82362,"Estoque",3,0,1100051,"04-08-2023", 1),
(9900120,"Fabricio",1,407032,3,900,120.6,82369,"Estoque",2,0,1100051,"04-08-2023", 1),
(9900115,"Willian",3,12110022,1,3600,820.8,82360,"Estoque",8,0,1100038,"03-08-2023", 1),
(9900119,"Fabricio",2,10810022,9,800,172.8,82368,"Estoque",5,0,1100046,"04-08-2023", 1),
(9900106,"Fabricio",2,10810022,8,800,163.2,82318,"Estoque",13,0,1100046,"02-08-2023", 1),
(9900110,"Fabricio",1,10870100,12,200,200.8,"82324-82325-82359-82350","Estoque",0,0,1100045,"03-08-2023", 1),
(9900118,"Fabricio",2,10870100,12,200,199.2,"82364-82365-82366-82367","Estoque",1,0,1100045,"04-08-2023", 1),
(9900122,"Fabricio",2,10870100,12,200,151.2,"82371-82372-82373-82374","Estoque",0,0,1100045,"04-08-2023", 1),
(9900109,"Fabricio",2,10870100,12,200,201.6,"82320-82321-82322-82323","Estoque",2,1,1100045,"03-08-2023", 1),
(9900107,"Fabricio",3,407032,3,900,115.2,82317,"Estoque",3,0,1100051,"02-08-2023", 1),
(9900117,"Fabricio",1,10810022,9,800,169.6,82363,"Estoque",15,0,1100046,"04-08-2023", 1),
(9900114,"Fabricio",2,727032,14,450,100.8,82359,"Estoque",30,0,1100062,"02-08-2023", 1),
(9900111,"Fabricio",2,7250150,14,150,152.4,"82351-82352-82353-82354","Estoque",8,4.8,1100047,"04-08-2023", 1),
(9900108,"Willian",3,3025200,4,580,105,"82319-82339-82338-82337","Estoque",12,10,1100011,"03-08-2023", 1),
(9900124,"Fabricio",1,10810022,9,800,166.4,82376,"Estoque",7,0,1100050,"04-08-2023", 1),
(9900125,"Fabricio",1,10810022,9,800,166.4,82377,"Estoque",6,0,1100050,"04-08-2023", 1),
(9900123,"Fabricio",2,10810022,9,800,166.4,82375,"Estoque",0,2.2,1100050,"04-08-2023", 1),
(9900126,"Fabricio",1,407032,3,900,117,82378,"Estoque",8,0,1100051,"04-08-2023", 1),
(9900130,"Fabricio",3,407032,3,900,113.4,82387,"Estoque",2,0,1100051,"04-08-2023", 1),
(9900127,"Fabricio",1,10870100,12,200,197.6,"82379-82380-82381-82382","Estoque",7,0,1100044,"04-08-2023", 1),
(9900129,"Willian",3,3025100,10,870,81.6,82387,"Estoque",4,2.8,1100020,"04-08-2023", 1),
(9900129,"Willian",3,3025100,10,290,27.2,0,47093,0,0,1100020,"04-08-2023", 1),
(9900128,"Willian",3,3025200,4,580,113.8,"82383-82384-82385-82386","Estoque",15,4,1100011,"04-08-2023", 1),
(9900155,"Willian",3,1625200,6,400,106.4,0,"Tinturaria",10,0,1100042,"10-08-2023", 1),
(9900153,"Willian",3,1625100,6,300,79,0,"Tinturaria",0,0,1100042,"10-08-2023", 1),
(9900161,"Willian",3,68200,8,900,76.8,0,"Tinturaria",0,0,1100057,"10-08-2023", 1),
(9900162,"Willian",3,612100,7,3200,123.2,0,"Tinturaria",40,0,1100057,"10-08-2023", 1),
(9900138,"Willian",3,612100,7,3200,123.2,0,"Tinturaria",48,9.8,1100057,"10-08-2023", 1),
(9900132,"Willian",3,1625200,6,600,159.6,0,"Tinturaria",1,0,1100042,"09-08-2023", 1),
(9900156,"Willian",3,1625200,6,900,158.6,0,"Tinturaria",6,0,1100042,"09-08-2023", 1),
(9900161,"Willian",8,68200,8,900,76.8,0,"Tinturaria",0,0,1100027,"09-08-2023", 1),
(9900136,"Willian",3,2435100,11,400,96,0,"Tinturaria",0,0,1100036,"09-08-2023", 1),
(9900134,"Willian",3,2420100,11,400,95.2,0,"Tinturaria",0,0,1100036,"09-08-2023", 1),
(9900140,"Willian",3,1215200,5,100,21.8,0,"Tinturaria",0,0,1100028,"09-08-2023", 1),
(9900152,"Fabricio",2,407032,3,900,120.8,82397,"Estoque",2,0,1100033,"10-08-2023", 1),
(9900160,"Fabricio",1,407032,3,900,117,82391,"Estoque",1,1,1100051,"10-08-2023", 1),
(9900165,"Fabricio",2,407032,3,900,115.2,82451,"Estoque",7,0,1100051,"10-08-2023", 1),
(9900163,"Fabricio",2,407032,3,900,120.6,82449,"Estoque",6,0,1100051,"10-08-2023", 1),
(9900141,"Fabricio",1,727032,14,900,198,82394,"Estoque",2,3.6,1100062,"10-08-2023", 1),
(9900149,"Fabricio",1,727032,14,1350,286.2,82392,"Estoque",8,1.6,1100062,"10-08-2023", 1),
(9900154,"Fabricio",1,727032,14,900,180.8,82443,"Estoque",11,0,1100062,"10-08-2023", 1),
(9900147,"Fabricio",1,727032,14,900,184.4,82390,"Estoque",15,0,1100062,"10-08-2023", 1),
(9900169,"Fabricio",1,727032,14,900,180,82959,"Estoque",2,0,1100062,"10-08-2023", 1),
(9900164,"Fabricio",1,727032,14,900,194.4,82450,"Estoque",3,0,1100062,"10-08-2023", 1),
(9900157,"Willian",3,302580,10,1500,117,82389,"Estoque",25,3.1,1100020,"10-08-2023", 1),
(9900145,"Willian",3,302580,10,1500,117,82396,"Estoque",22,0,1100020,"10-08-2023", 1),
(9900167,"Willian",3,3025200,10,290,55.4,"82456-82457","Estoque",5,0,1100041,"10-08-2023", 1),
(9900168,"Willian",3,302580,10,500,37,82458,"Estoque",12,0,1100020,"10-08-2023", 1),
(9900173,"Willian",3,162580,6,500,50.8,0,"Tinturaria",0,0,1100043,"10-08-2023", 1),
(9900172,"Willian",3,162580,6,340,90,0,"Tinturaria",0,0,1100043,"11-08-2023", 1),
(9900131,"Fabricio",1,4830200,15,200,174,0,"Tinturaria",129,0,1100002,"08-08-2023", 1),
(9900137,"Fabricio",1,4830200,15,150,130.6,0,"Tinturaria",99,0,1100002,"08-08-2023", 1),
(9900133,"Fabricio",1,4830200,15,219,190.2,0,"Tinturaria",20,0.4,1100002,"08-08-2023", 1),
(9900143,"Fabricio",1,10870100,12,200,201.8,"82398-82399-8240082401","Estoque",4,0,1100049,"10-08-2023", 1),
(9900139,"Fabricio",2,10870100,12,200,198.8,"82413-82414-82415-82416","Estoque",0,0,1100049,"09-08-2023", 1),
(9900142,"Fabricio",1,10870100,12,200,199,"82417-82418-82419-82420","Estoque",0,0,1100049,"09-08-2023", 1),
(9900135,"Fabricio",2,10870100,12,200,198.2,"82407-82408-82409-82410","Estoque",2,0,1100049,"09-08-2023", 1),
(9900166,"Willian",3,3025200,4,580,113,"82452-82453-82454-82455","Estoque",25,0,1100040,"10-08-2023", 1),
(9900146,"Willian",3,3025200,4,725,139.5,"82435-82436-82437-82438-82439","Estoque",24,2.6,1100040,"09-08-2023", 1),
(9900148,"Willian",3,3025200,4,580,113.8,"82440-82441-82444-82445","Estoque",10,2,1100040,"09-08-2023", 1),
(9900171,"Willian",3,68200,8,840,182,0,"Tinturaria",70,0,1100050,"10-08-2023", 1),
(9900150,"Fabricio",1,10810022,8,800,163.2,82442,"Estoque",2,0,1100050,"10-08-2023", 1),
(9900151,"Fabricio",2,10810022,8,800,176,82421,"Estoque",3,0,1100050,"10-08-2023", 1),
(9900144,"Fabricio",2,10810022,9,800,176,824421,"Estoque",5,15.6,1100050,"09-08-2023", 1),
(9900170,"Willian",3,12110022,1,3000,672,82470,"Estoque",8,2.6,1100038,"10-08-2023", 1),
(9900159,"Willian",3,12110022,1,3600,849.6,82312,"Estoque",4,9.8,1100038,"08-08-2023", 1),
(9900158,"Fabricio",3,12110022,1,4200,940.8,82305,"Estoque",4,0,1100038,"10-08-2023", 1),
(9900185,"Fabricio",3,3025200,10,580,115,"82491-82492-82493-82494","Estoque",9,0,1100041,"14-08-2023", 1),
(9900179,"Kaique",3,3025200,10,580,115.4,"82480-82481-82482-82483","Estoque",3,0,1100041,"14-08-2023", 1),
(9900180,"Willian",3,12110022,1,3600,820.8,82479,"Estoque",12,0,1100038,"14-08-2023", 1),
(9900029,"Fabricio",3,810400,5,200,64.4,0,"Estoque",145,0,1100028,"16-08-2023", 1),
(9900200,"Fabricio",3,2410200,11,200,98,0,"Estoque",8,0,1100058,"15-08-2023", 1),
(9900211,"Fabricio",3,2410200,11,200,98,0,"Estoque",15,0,1100058,"17-08-2023", 1),
(9900221,"Willian",3,2410200,11,200,98,0,"Estoque",12,0,1100058,"17-08-2023", 1),
(9900188,"Fabricio",3,3025200,4,580,110.8,"82497-82498-82499-82500","Estoque",2,2.8,1100040,"14-08-2023", 1),
(9900181,"Kaique",3,3025200,4,580,112.4,"82484-82485-82486-82487","Estoque",4,0,1100040,"14-08-2023", 1),
(9900184,"Fabricio",2,10810022,9,800,169.6,82490,"Estoque",2,0,1100050,"14-08-2023", 1),
(9900183,"Fabricio",2,10810022,9,800,169.6,82489,"Estoque",1,0,1100050,"14-08-2023", 1),
(9900182,"Fabricio",2,10810022,9,800,176,82488,"Estoque",2,0,1100050,"14-08-2023", 1),
(9900187,"Fabricio",2,407032,3,900,118.8,82496,"Estoque",4,0,1100051,"14-08-2023", 1),
(9900186,"Fabricio",1,407032,3,900,118.8,82495,"Estoque",9,0,1100051,"14-08-2023", 1),
(9900176,"Fabricio",1,407032,3,900,120.6,82473,"Estoque",3,2.4,1100051,"11-08-2023", 1),
(9900175,"Fabricio",2,407032,3,900,117,82472,"Estoque",0,0,1100051,"11-08-2023", 1),
(9900210,"Willian",3,68200,8,900,105.6,0,"Estoque",26,0,1100057,"17-08-2023", 1),
(9900199,"Fabricio",3,165080,6,1500,157.8,0,"Estoque",2,0,1100041,"15-08-2023", 1),
(9900212,"Kaique",3,1625200,6,600,159.6,0,"Estoque",1,0,1100041,"17-08-2023", 1),
(9900178,"Fabricio",2,727032,14,900,187.2,0,"Estoque",8,0,1100062,"11-08-2023", 1),
(9900174,"Fabricio",1,727032,14,900,201.6,82971,"Estoque",3,0,1100062,"11-08-2023", 1),
(9900189,"Fabricio",1,10870100,12,200,201.6,"82501-82501-82503-82504","Estoque",7,0,1100075,"14-08-2023", 1),
(9900190,"Fabricio",2,10870100,12,200,198.2,"82505-82506-82507-82508","Estoque",8,0,1100075,"14-08-2023", 1),
(9900177,"Fabricio",2,10870100,12,200,197.4,"82474-82475-82476-82477","Estoque",8,3.2,1100075,"11-08-2023", 1),
(9900213,"Fabricio",2,10870100,12,200,199.2,"82551-82552-82553-82554","Estoque",1,0,1100075,"17-08-2023", 1),
(9900214,"Kaique",2,10870100,12,200,198.6,"82555-82556-82557-82558","Estoque",1,0,1100075,"17-08-2023", 1),
(9900191,"Fabricio",1,10870100,12,200,196.2,"82509-82510-82511-82512","Estoque",0,0,1100075,"15-08-2023", 1),
(9900194,"Fabricio",2,10870100,12,200,199.2,"82515-82516-82517-82518","Estoque",6,0,1100075,"15-08-2023", 1),
(9900204,"Fabricio",1,10870100,12,200,196,82549,"Estoque",3,1,1100075,"17-08-2023", 1),
(9900218,"Judite",1,10870100,12,200,199.2,"82569-82570-82571-82572","Estoque",5,0,1100075,"17-08-2023", 1),
(9900215,"Willian",3,12110022,1,3600,820.8,82550,"Estoque",4,0,1100074,"17-08-2023", 1),
(9900196,"Willian",3,12110022,1,3600,820.8,82518,"Estoque",13,1.2,1100074,"15-08-2023", 1),
(9900203,"Fabricio",2,10810022,8,800,166.4,82541,"Estoque",2,0,1100050,"16-08-2023", 1),
(9900201,"Fabricio",1,10810022,8,800,166.4,82539,"Estoque",1,0,1100050,"16-08-2023", 1),
(9900193,"Fabricio",1,10810022,8,800,166.4,82514,"Estoque",2,0,1100050,"15-08-2023", 1),
(9900192,"Fabricio",2,10810022,8,800,169.6,82513,"Estoque",13,1,1100050,"15-08-2023", 1),
(9900206,"Fabricio",1,10810022,8,800,169.6,82549,"Estoque",1,0,1100050,"17-08-2023", 1),
(9900217,"Fabricio",2,10810022,9,800,166.4,82563,"Estoque",14,0,1100050,"17-08-2023", 1),
(9900197,"Kaique",3,3025200,10,580,113.6,"82524-82525-82526-82528","Estoque",11,0.4,1100041,"16-08-2023", 1),
(9900222,"Kaique",3,3025200,4,580,113.6,"82573-82574-82575-82576","Estoque",13,0,1100060,"18-08-2023", 1),
(9900195,"Kaique",3,3025200,4,580,109.4,"82520-82521-82522-82523","Estoque",6,0.8,1100053,"15-08-2023", 1),
(9900198,"Kaique",3,3025200,4,580,111.2,"82535-82536-82537-82538","Estoque",6,0,1100053,"16-08-2023", 1),
(9900205,"Fabricio",1,4810022,3,1300,124.8,82548,"Estoque",1,6.4,1100087,"17-08-2023", 1),
(9900219,"Leticia",2,4810022,3,1300,124.8,82564,"Estoque",1,0,1100087,"17-08-2023", 1),
(9900202,"Fabricio",3,407032,3,900,117.6,82540,"Estoque",21,0,1100051,"16-08-2023", 1),
(9900207,"Fabricio",1,727032,14,450,196,82545,"Estoque",1,0,1100077,"17-08-2023", 1),
(9900208,"Fabricio",1,7250150,14,100,99.6,"82546-82547","Estoque",8,8.4,1100077,"17-08-2023", 1),
(9900216,"Fabricio",1,7250150,14,200,198.6,"82559-82560-82561-82562","Estoque",1,1.8,1100077,"17-08-2023", 1),
(9900220,"Leticia",1,7250150,14,200,198.8,"82565-82566-82567-82568","Estoque",4,0,1100077,"17-08-2023", 1),
(9900232,"Fabricio",1,1625200,6,600,158.6,0,"Tinturaria",0,0,1100041,"21-08-2023", 1),
(9900224,"Fabricio",1,7250150,14,200,199.2,"82580-82581-82582-82583","Estoque",1,0,1100077,"18-08-2023", 1),
(9900227,"Kaique",1,7250150,14,180,176.8,"82589-82590-82591-82592","Estoque",0,3.2,1100078,"18-08-2023", 1),
(9900239,"Leticia",2,7250150,14,100,100.2,"82618-82619","Estoque",2,6.6,1100078,"18-08-2023", 1),
(9900240,"Leticia",2,7250150,14,100,106,"82616-82617","048541-048573",0,0,1100078,"22-08-2023", 1),
(9900230,"Fabricio",3,3025200,4,580,113,"82598-82599-82600-82601","Estoque",21,0,1100053,"21-08-2023", 1),
(9900235,"Willian",3,3025200,4,580,111,"82606-82207-82208-82209",47186,27,0,1100053,"21-08-2023", 1),
(9900231,"Willian",1,12110022,1,4200,1008,82597,"Estoque",1,0,1100090,"21-08-2023", 1),
(9900236,"Fabricio",1,12110022,1,3600,792,82610,"Estoque",4,0.6,1100089,"21-08-2023", 1),
(9900226,"Fabricio",1,10870100,12,200,186,"82584-82585-82586-82587","Estoque",1,0,1100075,"21-08-2023", 1),
(9900237,"Willian",3,3025200,10,580,112.4,"82612-82613-82614-82615",47186,5,0,1100052,"22-08-2023", 1),
(9900229,"Fabricio",2,3025200,10,580,113,"82590-82594-82595-82596","Estoque",43,0,1100041,"18-08-2023", 1),
(9900233,"Fabricio",2,4830200,15,200,172,"82602-82603","Estoque",18,0,1100055,"21-08-2023", 1),
(9900234,"Janete",2,4830200,15,140,123.4,"82604-82605","Estoque",19,0,1100055,"21-08-2023", 1),
(9900228,"Fabricio",2,407032,3,900,117,82588,"Estoque",4,0,1100051,"18-08-2023", 1),
(9900223,"Fabricio",1,407032,3,900,117,82579,"Estoque",6,0,1100051,"18-08-2023", 1),
(9900238,"Leticia",2,407032,3,900,115.2,82610,"Estoque",4,0,1100051,"18-08-2023", 1),
(9900246,"Willian",3,3025200,4,580,111.6,"82638-82639-82640-82641",47186,22,0,1100053,"23-08-2023", 1),
(9900245,"Fabricio",3,407032,3,900,111.6,82656,"Estoque",0,2.4,1100103,"23-08-2023", 1),
(9900252,"Fabricio",1,407032,3,900,115.2,82657,"Estoque",3,0,1100103,"23-08-2023", 1),
(9900244,"Willian",3,3025200,10,200,38,"82636-82637",48085,0,0,1100041,"23-08-2023", 1),
(9900243,"Willian",3,3025200,10,290,54.4,"82635-82636",47586,0,0,1100041,"23-08-2023", 1),
(9900251,"Fabricio",2,7250150,15,180,176.4,"82655-82656",45012,5,30.4,1100093,"23-08-2023", 1),
(9900250,"Fabricio",2,7250150,15,180,176.4,"82653-82654",49012,4,0,1100093,"23-08-2023", 1),
(9900247,"Willian",2,7230100,12,100,100.4,"82642-82643",48599,2,3.2,1100078,"23-08-2023", 1),
(9900248,"Willian",2,7270100,12,150,101.8,"82644-82645-82646","Estoque",27,3.2,1100078,"23-08-2023", 1),
(9900249,"Fabricio",1,7270100,12,300,203.6,"82647-82648-82649-82650-82651-82652","Estoque",5,0,1100078,"23-08-2023", 1),
(9900259,"Kaique",3,3025200,10,580,108.2,"82773-82774-82775-82776","Estoque",56,0.8,1100114,"30-08-2023", 1),
(9900265,"Fabricio",3,1625100,6,800,151.2,0,"Estoque",29,0,1100095,"22-08-2023", 1),
(9900242,"Willian",3,1625100,6,300,75.6,0,"Tinturaria",9,0,1100095,"22-08-2023", 1),
(9900241,"Willian",3,1625200,6,400,75.6,0,"Tinturaria",45,0,1100095,"22-08-2023", 1),
(9900263,"Kaique",2,7270100,14,300,205.2,"82688-82689-82690-82691-82692-82693","Estoque",8,0,1100078,"25-08-2023", 1),
(9900270,"Kaique",1,7270100,14,300,204.2,"82713-82714-82715-82716-82717-82718","Estoque",1,0,1100106,"28-08-2023", 1),
(9900269,"Kaique",1,7270100,14,300,205,"82707-82708-82709-82710-82711-82712","Estoque",3,0,1100106,"28-08-2023", 1),
(9900267,"Kaique",2,7270100,14,300,204.6,"82695-82696-82697-82698-82698-82699-82700","Estoque",0,0,1100106,"28-08-2023", 1),
(9900266,"Kaique",1,7270100,14,183,147,"82701-82702-82703-82704-82705","Estoque",0,4.8,1100106,"28-08-2023", 1),
(9100270,"Fabricio",2,7250150,14,180,182.8,"82811-82812-82813-82814","Estoque",14,0,1100106,"31-08-2023", 1),
(9900260,"Kaique",3,30100400,4,75,25.8,82682,47272,0,1.2,1100098,"24-08-2023", 1),
(9900262,"Willian",3,3025200,4,290,55.4,"82685-82686",47367,1,0,1100098,"24-08-2023", 1),
(9900271,"Kaique",1,10870100,12,200,197.2,"82719-82720-82721-82722","Estoque",5,0,1100102,"28-08-2023", 1),
(9900277,"Kaique",2,10870100,12,200,199.2,"82744-82745-82746-82747","Estoque",1,0,1100102,"29-08-2023", 1),
(9900273,"Kaique",2,10870100,12,200,198.6,"82724-82725-82726-82727","Estoque",4,4.8,1100102,"29-08-2023", 1),
(9900278,"Kaique",2,10870100,12,200,196.2,"82748-82740-82750-82751","Estoque",1,1,1100102,"29-08-2023", 1),
(9900266,"Fabricio",2,10870100,12,200,198.4,"82799-82800-82801-82802","Estoque",0,0,1100102,"31-08-2023", 1),
(9900267,"Fabricio",1,10870100,12,200,197.8,"82803-82804-82805-82806","Estoque",0,0,1100102,"31-08-2023", 1),
(9900264,"Willian",3,12110022,1,3600,820.8,82694,47233,36,6,1100089,"25-08-2023", 1),
(9900268,"Kaique",1,12110022,1,4200,924.4,82706,"Estoque",13,2.6,1100089,"28-08-2023", 1),
(9900256,"Kaique",3,30100400,4,300,106,"82762-82763-82764-82765",47272,11,0,1100099,"29-08-2023", 1),
(9900257,"Kaique",3,30100400,4,320,118.6,"82766-82767",47272,30,1,1100099,"29-08-2023", 1),
(9900260,"Kaique",3,30100400,4,300,104.8,"82779-82780-82781-82782",47272,11,0,1100099,"30-08-2023", 1),
(9900262,"Fabricio",1,10820100,12,200,196,"82790-82791-82792-82793",48745,2,0.6,1100102,"30-08-2023", 1),
(9900254,"Kaique",2,10810022,9,800,166.4,82658,"Estoque",0,0,1100104,"24-08-2023", 1),
(9900256,"Kaique",2,10810022,9,800,169.6,82671,"Estoque",1,0,1100104,"24-08-2023", 1),
(9900255,"Kaique",1,10810022,9,800,182.4,82670,"Estoque",13,1.2,1100104,"24-08-2023", 1),
(9900279,"Kaique",2,10810022,9,800,169.6,82752,"Estoque",3,2.4,1100104,"29-08-2023", 1),
(9900280,"Kaique",1,10810022,9,800,169.6,82753,"Estoque",4,2.6,1100104,"29-08-2023", 1),
(9900277,"Fabricio",1,10810022,9,800,169.6,82810,"Estoque",0,0,1100104,"31-08-2023", 1),
(9900269,"Fabricio",1,10810022,9,800,169.6,82809,"Estoque",0,0,1100104,"31-08-2023", 1),
(9900263,"Fabricio",2,10810022,9,800,170,82794,"Estoque",3,0.2,1100104,"30-08-2023", 1),
(9900264,"Fabricio",1,10810022,9,800,169.6,82795,"Estoque",5,0,1100104,"30-08-2023", 1),
(9900253,"Kaique",1,4810022,3,1300,119.6,82659,"Estoque",11,1.6,1100087,"24-08-2023", 1),
(9900261,"Kaique",2,4810022,3,1300,114.4,82687,"Estoque",5,0,1100087,"24-08-2023", 1),
(9900255,"Fabricio",1,4810022,3,1300,122.2,82761,"Estoque",7,0,1100087,"29-08-2023", 1),
(9900282,"Kaique",2,4810022,3,1300,124.8,82760,"Estoque",1,0,1100087,"29-08-2023", 1),
(9900272,"Kaique",2,4810022,3,1300,119.6,82723,"Estoque",64,0,1100087,"28-08-2023", 1),
(9900268,"Fabricio",3,4810022,3,1300,124.8,82807,"Estoque",0,0,1100087,"31-08-2023", 1),
(9900278,"Fabricio",1,4810022,3,1300,119.6,82808,"Estoque",0,0,1100087,"31-08-2023", 1),
(9900258,"Kaique",1,4810022,3,1300,124.8,82768,"Estoque",5,0.6,1100087,"30-08-2023", 1),
(9100258,"Kaique",2,7250100,15,300,192.4,"82676-82677-82678-82679-82680-82681","Estoque",1,0.8,1100093,"24-08-2023", 1),
(9900281,"Kaique",2,7250100,15,288,188.2,"82754-82755-82756-82757-82758-82759","Estoque",3,1,1100093,"29-08-2023", 1),
(9900276,"Kaique",1,7250100,15,224,151,"82738-82739-82740-82741-82742-82743","Estoque",0,0,1100093,"29-08-2023", 1),
(9900275,"Kaique",2,7250100,15,296,198.4,"82732-82733-82734-82735-82836-82737","Estoque",0,0,1100093,"29-08-2023", 1),
(9900274,"Fabricio",1,7250100,15,300,195.4,"82815-82816-82817-82818-82819-82820","Estoque",1,2,1100093,"31-08-2023", 1),
(9900261,"Fabricio",1,7250100,15,303,195,"82783-82784-82785-82786-82787-82788-82789","Estoque",0,0.2,1100093,"30-08-2023", 1),
(9900265,"Fabricio",1,12110022,1,3600,835.2,82798,"Estoque",20,0,1100074,"31-08-2023", 1),
(9900259,"Kaique",3,3025200,10,200,37.6,"82614-82675","Estoque",4,0,1100114,"24-08-2023", 1),
(9100259,"Kaique",3,3025200,10,580,108.2,"82723-82724-82725-82726","Estoque",56,0.8,1100114,"30-08-2023", 1),
(9900274,"Kaique",3,3025200,10,580,108.2,"82828-82729-82730-82731",048463-048830,171,1,1100114,"29-08-2023", 1),
(9900275,"Kaique",3,3025200,10,290,54.4,"82672-82673",47367,6,0,1100114,"24-08-2023", 1),
(9900288,"Fabricio",2,4810022,3,1300,122.2,82855,"Estoque",15,0,1100087,"04-09-2023", 1),
(9900287,"Janete",1,4810022,3,1300,122.2,82856,"Estoque",5,0,1100087,"04-09-2023", 1),
(9900301,"Fabricio",1,4810022,3,1300,119.6,82900,"Estoque",4,0,1100135,"05-09-2023", 1),
(9900308,"Fabricio",2,4810022,3,1300,119.6,82920,"Estoque",1,0,1100135,"06-09-2023", 1),
(9900307,"Fabricio",1,4810022,3,1300,124.8,82919,"Estoque",6,0.6,1100135,"06-09-2023", 1),
(9900285,"Fabricio",2,4810022,3,1300,122.2,82918,"Estoque",1,0,1100087,"01-09-2023", 1),
(9900286,"Fabricio",1,12110022,1,3600,820.8,82854,"Estoque",7,0,1100089,"04-09-2023", 1),
(9900305,"Fabricio",1,12110022,1,3600,820.8,82918,"Estoque",23,2,1100089,"06-09-2023", 1),
(9900302,"Fabricio",3,30100400,4,400,147.2,"82913-82914",47272,23,1.2,1100099,"05-09-2023", 1),
(9900275,"Kaique",3,30100400,4,150,78.6,"82821-82822",47272,0,0,1100099,"01-09-2023", 1),
(9900272,"Kaique",3,30100400,4,275,105,"82834-82823",47272,19,0,1100099,"01-09-2023", 1),
(9900290,"Fabricio",1,7250100,15,300,196.2,"82863-82864-86865-82866-82867-82868",049083-049828,1,0,1100129,"04-09-2023", 1),
(9900289,"Fabricio",1,7250100,15,300,195.4,"82858-82857-82859-82860-82861-82862","Estoque",1,0,1100129,"04-09-2023", 1),
(9900298,"Fabricio",1,7250100,15,194,193,"82886-82887-82888-82889-82890-82891","Estoque",2,1.8,1100129,"05-09-2023", 1),
(9900303,"Fabricio",1,7250100,15,300,196.8,"82902-82901-82903-82904-82905-82906","Estoque",1,0,1100129,"05-09-2023", 1),
(9900271,"Fabricio",2,7250100,15,300,194.4,"82824-82825-82826-82827-82828-82829","Estoque",0,0,1100101,"01-09-2023", 1),
(9900291,"Fabricio",1,10810022,9,800,166.4,82873,"Estoque",0,0,1100134,"04-09-2023", 1),
(9900296,"Fabricio",2,10810022,9,800,166.4,82885,"Estoque",5,0,1100134,"05-09-2023", 1),
(9900300,"Fabricio",1,10810022,9,800,172.8,82893,"Estoque",2,0,1100134,"05-09-2023", 1),
(9900297,"Fabricio",2,10810022,9,800,169.6,82892,"Estoque",1,0,1100134,"05-09-2023", 1),
(9900279,"Fabricio",2,10810022,9,800,166.4,82836,"Estoque",10,0,1100134,"01-09-2023", 1),
(9900295,"Fabricio",3,302580,10,1500,114,82884,47633,16,0,1100116,"05-09-2023", 1),
(9900306,"Judite",3,302580,10,1500,114,82917,47633,143,0.4,1100116,"06-09-2023", 1),
(9900280,"Kaique",3,302580,10,1500,114,82837,"Estoque",62,1,1100116,"06-09-2023", 1),
(9900292,"Fabricio",1,10870100,12,200,196.8,"82869-82870-82871-82872","Estoque",0,0,1100112,"04-09-2023", 1),
(9900294,"Fabricio",1,10870100,12,200,195,"82880-82881-82882-82883","Estoque",0,0.4,1100112,"05-09-2023", 1),
(9900276,"Fabricio",1,10870100,12,200,195.4,"82830-82831-82832-82833","Estoque",1,0,1100112,"01-09-2023", 1),
(9900283,"Fabricio",1,10870100,12,200,196.2,"82845-82846-82847-82848","Estoque",2,0,1100112,"01-09-2023", 1),
(9900304,"Fabricio",2,7250100,14,300,196.8,"82907-82908-82909-82910-82911-82912",049083-049025,0,3.4,1100108,"05-09-2023", 1),
(9900293,"Fabricio",2,7250100,14,300,196.8,"82874-82875-82876-82877-82878-82879",49083,8,0,1100108,"05-09-2023", 1),
(9900299,"Fabricio",1,7250100,14,300,198,"82894-82895-82896-82897-82898-82899",49208,12,0,1100108,"05-09-2023", 1),
(9900281,"Fabricio",2,7250150,14,90,67.4,"82838-82839-82840-82841","Estoque",5,0,1100108,"01-09-2023", 1),
(9100282,"Fabricio",1,7250100,14,150,101.8,"82842-82843-82844","Estoque",3,6.8,1100108,"01-09-2023", 1),
(9900284,"Fabricio",1,7250150,14,200,198.6,"82849-82850-82851-82852",49073,4,3.6,1100108,"01-09-2023", 1),
(9900273,"Fabricio",2,10810022,9,800,169.6,82835,"Estoque",0,0,1100134,"01-09-2023", 1),
(9900337,"Fabricio",2,7250100,15,204,133,"82993-82994-82995-82996-82998","Estoque",0,0,1100139,"13-09-2023", 1),
(9900341,"Fabricio",2,4810022,3,1300,114.4,83009,"Estoque",1,0.2,1100143,"13-09-2023", 1),
(9900344,"Fabricio",2,4810022,3,1300,119.6,83012,"Estoque",7,0,1100143,"14-09-2023", 1),
(9900332,"Fabricio",2,2415200,11,200,112.6,82982,"Estoque",9,0,1100122,"13-09-2023", 1),
(9900343,"Fabricio",3,3025100,4,115,105,83010,48305,140,0.4,1100118,"14-09-2023", 1),
(9900328,"Fabricio",2,7250150,14,200,197.2,"82976-82977-82978-82979",49258,11,0,1100131,"12-09-2023", 1),
(9900336,"Fabricio",2,7250150,14,190,188.8,"82989-82990-82991-82992",49258,4,9,1100131,"13-09-2023", 1),
(9900347,"Fabricio",2,7250150,14,200,200.3,"83018-83019-83020-83021",049491-049258,2,0,1100131,"14-09-2023", 1),
(9900339,"Fabricio",2,7250150,14,200,197.4,"83000-83001-83002-83003",049491-049258,2,0,1100131,"13-09-2023", 1),
(9900322,"Janete",2,7250150,14,200,197.6,"82964-82865-82966-82967","Estoque",1,7,1100132,"11-09-2023", 1),
(9900310,"Fabricio",2,7250100,14,300,198.6,"82927-82928-82929-82930-82931-82932",049249-049146-049333,1,0,1100132,"07-09-2023", 1),
(9900314,"Fabricio",2,7250100,14,300,199.6,"82932-82938-82939-82940-82941-82942",049404-409405-049406-049541,0,0,1100132,"07-09-2023", 1),
(9900309,"Fabricio",2,7250100,14,300,200.2,"82921-82922-82923-82924-82925-82926",049333-049334-049394,0,0,1100132,"06-09-2023", 1),
(9900338,"Fabricio",2,612400,8,800,140.8,82999,"Estoque",112,0,1100083,"13-09-2023", 1),
(9900318,"Janete",3,30100400,4,400,151.4,82957-82958,47272,16,0,1100115,"11-09-2023", 1),
(9900312,"Janete",3,30100400,4,400,151.2,82934-82935,47272,20,0,1100115,"07-09-2023", 1),
(9900311,"Fabricio",2,4010022,3,1300,119.6,82933,"Estoque",0,0,1100135,"07-09-2023", 1),
(9900323,"Fabricio",2,4810022,3,1300,117,82968,"Estoque",5,0,1100135,"12-09-2023", 1),
(9900315,"Fabricio",2,4810022,3,1300,127.4,82943,"Estoque",25,0,1100135,"07-09-2023", 1),
(9900340,"Fabricio",2,10810022,9,800,163.2,83004,"Estoque",10,0,1100138,"13-09-2023", 1),
(9900348,"Fabricio",1,10810022,9,800,176,83024,"Estoque",61,2.4,1100138,"14-09-2023", 1),
(9900324,"Fabricio",1,10810022,9,800,166.4,82969,"Estoque",52,0,1100138,"12-09-2023", 1),
(9900321,"Fabricio",2,10810022,9,800,169.6,82963,"Estoque",49,0,1100138,"11-09-2023", 1),
(9900313,"Fabricio",2,10810022,9,800,172.8,82936,"Estoque",0,1,1100134,"07-09-2023", 1),
(9900330,"Fabricio",2,10810022,9,800,160.4,82981,"Estoque",11,0,1100138,"13-09-2023", 1),
(9900329,"Fabricio",2,10810022,9,800,166.4,82980,"Estoque",10,0,1100138,"13-09-2023", 1),
(9900334,"Kaique",3,1625200,6,550,158.6,82983-82984-82985,49473,22,0,1100096,"13-09-2023", 1),
(9900333,"Kaique",3,1625200,6,600,147.6,82983-82986,49473,2,0.6,1100096,"13-09-2023", 1),
(9900331,"Fabricio",3,2415200,11,200,113.4,82982,"Estoque",2,2,1100058,"13-09-2023", 1),
(9900342,"Fabricio",2,10870100,12,200,199,"83005-83006-83007-83008","Estoque",2,3.2,1100137,"13-09-2023", 1),
(9900326,"Fabricio",1,10870100,12,200,199.2,"82971-82972-82973-82974","Estoque",1,6.6,1100137,"12-09-2023", 1),
(9900320,"Fabricio",2,10870100,12,200,198.2,"82959-82960-82961-82962","Estoque",0,0,1100137,"11-09-2023", 1),
(9900345,"Fabricio",2,10870100,12,200,198.8,"83013-83014-83015-83016","Estoque",3,1.2,1100137,"14-09-2023", 1),
(9900349,"Fabricio",2,10870100,12,200,199.6,"83025-83026-83027-83028","Estoque",2,0,1100137,"15-09-2023", 1),
(9900316,"Fabricio",1,10870100,12,200,191.6,"82944-82945-82946-82947","Estoque",0,7.6,1100137,"12-09-2023", 1),
(9900317,"Leticia",2,7250100,15,160,166.6,"82948-82949-82950-82951-82952-82953","049333-049334",0,2.2,1100139,"07-08-2023", 1),
(9900325,"Janete",3,302580,10,1500,114,82970,"Estoque",100,0,1100117,"12-09-2023", 1),
(9900346,"Fabricio",3,302580,10,1305,97.2,"83017-83029",48443,160,0,1100117,"14-09-2023", 1),
(9900327,"Fabricio",1,12110022,1,3600,820.8,82975,"Estoque",5,0,1100136,"12-09-2023", 1),
(9900319,"Fabricio",1,12110022,1,3600,820.8,82956,"Estoque",17,2.4,1100136,"11-09-2023", 1),
(9900335,"Kaique",3,813400,5,590,224.2,"82987-82988",048785-048977,51,0,1100028,"13-09-2023", 1),
(9900377,"Fabricio",1,7250150,14,200,199.2,"83100-83101-83102-83103",49861,5,0,1100146,"20-09-2023", 1),
(9900376,"Fabricio",2,7250150,14,200,199.3,"83095-83096-83098-83099",49861,32,4,1100146,"20-09-2023", 1),
(9900365,"Fabricio",1,7250150,14,186,184.6,"83073-83074-83075-83076",49861,8,0,1100146,"19-09-2023", 1),
(9900371,"Fabricio",2,7250100,15,300,199.4,"83083-83084-83085-83086-83087-83088","04264-049922-049981",3,0,1100147,"20-09-2023", 1),
(9900378,"Fabricio",2,7250100,15,550,171.4,"83104-83105-83106-83107-83108-83109-83110","Estoque",0,0,1100147,"20-09-2023", 1),
(9900379,"Fabricio",2,7250100,15,275,138.8,"83111-83112-83113-83114-83115-83116-83117-83118","Estoque",0,0,1100147,"20-09-2023", 1),
(9900382,"Kaique",3,2415200,11,400,225.6,83123,"Estoque",171,0,1100122,"21-07-2023", 1),
(9900370,"Fabricio",2,10810022,9,800,166.4,83082,"Estoque",1,0,1100163,"19-09-2023", 1),
(9900369,"Fabricio",2,10810022,9,800,169.6,83081,"Estoque",31,0,1100163,"19-09-2023", 1),
(9900374,"Fabricio",2,10810022,9,800,172.8,83090,"Estoque",45,0,1100163,"20-09-2023", 1),
(9900380,"Fabricio",2,10810022,9,800,164.8,83120,"Estoque",5,0,1100163,"20-09-2023", 1),
(9900381,"Fabricio",1,10810022,9,800,166.4,83119,"Estoque",3,0,1100163,"20-09-2023", 1),
(9900360,"Willian",3,12110022,1,4200,947.4,83063,"Estoque",20,3.6,1100142,"19-09-2023", 1),
(9900364,"Fabricio",1,10870100,12,200,192.4,"83069-83070-83071-83072","Estoque",0,0.4,1100137,"19-09-2023", 1),
(9900363,"Fabricio",1,10870100,12,200,199.6,"83065-83066-83067-83068","Estoque",0,0,1100137,"19-09-2023", 1),
(9900375,"Fabricio",2,10870100,12,200,199.2,"83091-83092-83093-83094","Estoque",1,0,1100137,"19-09-2023", 1),
(9900384,"Fabricio",3,1625100,6,900,172.8,"83121-83124",49391,18,0,1100123,"21-09-2023", 1),
(9900385,"Fabricio",3,1625200,6,760,147.2,"83121-83122-83124",49391,0,0,1100123,"21-09-2023", 1),
(9900383,"Fabricio",3,1625100,6,1000,201.2,"83121-83124","049391-049443",202,0,1100123,"21-09-2023", 1),
(9900366,"Fabricio",2,4810022,3,1300,119.6,83077,"Estoque",2,0,1100128,"19-09-2023", 1),
(9900373,"Fabricio",2,4810022,3,1300,119.6,83089,"Estoque",3,0,1100128,"20-09-2023", 1),
(9900367,"Willian",3,3025100,4,400,40.8,83028,"Estoque",38,0,1100118,"19-09-2023", 1),
(9900368,"Willian",3,3025100,4,580,576,"83079-83080","Estoque",28,0,1100118,"19-09-2023", 1),
(9900399,"Willian",3,3025200,4,580,117.4,"83165-83166-83167-83168",48915,53,0,1100118,"22-09-2023", 1),
(9900405,"Willian",3,3025200,4,580,116.4,"83183-83184-83185-83156",48915,48,0,1100118,"25-09-2023", 1),
(9900372,"Willian",3,3025100,4,1160,118.4,83097,48692,150,0,1100118,"20-09-2023", 1),
(9900391,"Willian",3,12110022,1,4200,957.6,83125-83151,"Estoque",1,2.8,1100163,"22-09-2023", 1),
(9900392,"Fabricio",1,10810022,9,800,160,83142,"Estoque",1,1.2,1100163,"22-09-2023", 1),
(9900400,"Fabricio",2,10810022,9,800,166.5,83169,"Estoque",6,0,1100163,"25-09-2023", 1),
(9900406,"Fabricio",1,10810022,9,800,172.6,83187,"Estoque",3,0,1100163,"25-09-2023", 1),
(9900410,"Fabricio",2,10810022,9,800,169.6,83197,"Estoque",2,26.8,1100163,"25-09-2023", 1),
(9900409,"Fabricio",2,10810022,9,800,169.6,83196,"Estoque",3,2.6,1100163,"25-09-2023", 1),
(9900398,"Willian",3,302580,10,1450,128,83153,48695,45,0,1100117,"22-09-2023", 1),
(9900390,"Willian",3,302580,10,1450,110,83140,48695,156,0,1100117,"22-09-2023", 1),
(9900362,"Willian",3,302580,10,725,53,83064,"Estoque",16,0,1100117,"19-09-2023", 1),
(9900358,"Fabricio",1,10870100,12,200,202.6,"83052-83053-83054-83055","Estoque",13,0,1100133,"18-09-2023", 1),
(9900403,"Fabricio",2,10870100,12,200,201.4,"83175-83176-83177-83178","Estoque",4,6.6,1100133,"25-09-2023", 1),
(9900402,"Fabricio",2,10870100,12,200,197.2,"83171-83172-83173-83174","Estoque",0,0,1100133,"25-09-2023", 1),
(9900404,"Fabricio",2,10870100,12,200,201,"83179-83180-83181-83182","Estoque",2,0,1100133,"25-09-2023", 1),
(9900417,"Fabricio",2,10870100,12,200,200.8,"83210-83211-83212-83213","Estoque",2,0,1100133,"25-09-2023", 1),
(9900411,"Fabricio",2,7250150,14,200,199.8,"83198-83199-83200-83201","Estoque",1,0,1100162,"25-09-2023", 1),
(9900354,"Fabricio",2,7250150,14,232,235.8,"83034-83035-83036-83040-83041",49861,2,6,1100145,"18-09-2023", 1),
(9900386,"Fabricio",2,7250150,14,200,198.2,"83126-83127-83128-83129","Estoque",4,0.4,1100162,"21-09-2023", 1),
(9900408,"Fabricio",1,7250150,14,200,201.2,"83192-83193-83194-83195","Estoque",13,2.8,1100145,"25-09-2023", 1),
(9900393,"Fabricio",2,7250150,14,200,198,"83143-83144-83145-83146","Estoque",12,0,1100162,"22-09-2023", 1),
(9900357,"Fabricio",2,7230200,14,100,101,"83050-83051",49276,0,0,1100145,"18-09-2023", 1),
(9900355,"Fabricio",2,7250150,14,100,99.6,"83037-83038",49861,0,0,1100145,"18-09-2023", 1),
(9900359,"Fabricio",2,7250100,15,300,232.2,"83056-83057-83058-83058-83059-83060-83061",049638-049612-049494,1,0,1100141,"18-09-2023", 1),
(9900352,"Fabricio",2,7230100,15,140,93,"83030-83031-83032","Estoque",0,5,1100141,"15-09-2023", 1),
(9900351,"Fabricio",2,7250100,15,150,99.6,83029,49638,0,0,1100141,"15-09-2023", 1),
(9900419,"Fabricio",1,7250100,15,400,198.8,"83222-83223-83224-83225-83226-83227-83228-83229",50090,0,0,1100170,"26-09-2023", 1),
(9900415,"Fabricio",1,7250100,15,400,198,"830218-83219-83220-83221-83214-83215-83216-83217",50090,0,0,1100170,"25-09-2023", 1),
(9900413,"Fabricio",1,725050,15,400,200.2,"83202-83203-83204-83205-83206-83207-83208-83209",50090,5,3.2,1100170,"25-09-2023", 1),
(9900395,"Fabricio",2,725050,15,260,86.3,"83154-83155-83156-83157-83158-83159",50090,1,0,1100141,"22-09-2023", 1),
(9900389,"Fabricio",1,725050,15,400,197.8,"83132-83133-83134-83135-83136-83137-83138-83139",50090,1,0.8,1100170,"22-09-2023", 1),
(9900407,"Fabricio",1,7250150,15,200,197.6,"83188-83189-83190-83191","Estoque",2,0,1100170,"25-09-2023", 1),
(9900394,"Fabricio",2,7250100,15,260,171.2,"83147-83148-83149-83150-83151-83152","Estoque",0,0,1100141,"22-09-2023", 1),
(9900356,"Fabricio",2,4810022,3,1300,119.6,83043,"Estoque",4,0,1100143,"18-09-2023", 1),
(9900353,"Fabricio",2,4810022,3,1300,119.6,83033,"Estoque",9,2.4,1100128,"15-09-2023", 1),
(9900361,"Fabricio",2,4810022,3,1300,117,83062,"Estoque",3,0,1100128,"19-09-2023", 1),
(9900387,"Fabricio",1,4810022,3,1300,119.6,83130,"Estoque",3,0,1100166,"22-09-2023", 1),
(9900388,"Fabricio",2,4810022,3,1300,119.6,83131,"Estoque",0,0.6,1100166,"22-09-2023", 1),
(9900397,"Fabricio",2,407032,3,900,118.8,83164,"Estoque",12,1.4,1100166,"22-09-2023", 1),
(9900401,"Fabricio",1,407032,3,900,120.6,83170,"Estoque",10,0,1100166,"25-09-2023", 1)
